%%%%%%%%%%%%%%%%%%%%%%%%%%%%%%%%%%%%%%%%%%%%%%%%%%%%%%%%%%%%%%%%%%%%%%%%%%%%%%%%%%%%%%%%%%
%	PanTaGruEl - a pan-European transmission grid and electricity generation model
%%%%%%%%%%%%%%%%%%%%%%%%%%%%%%%%%%%%%%%%%%%%%%%%%%%%%%%%%%%%%%%%%%%%%%%%%%%%%%%%%%%%%%%%%%
%
%	Please see Matpower's manual for details on the case file format.
%
%	When publishing results based on this data set, please cite:
%
%	L. Pagnier, P. Jacquod , Inertia location and slow network modes determine 
%	disturbance propagation in large-scale power grids. PLOS ONE 14(3): e0213550, 2019.
%	https://doi.org/10.1371/journal.pone.0213550
%
%	and
%
%	M. Tyloo, L. Pagnier, P. Jacquod, The key player problem in Ccomplex oscillator
%	networks and electric power grids: Resistance centralities identify local
%	vulnerabilities, Science Advances 5(11): eaaw8359, 2019.
%	https://doi.org/10.1126/sciadv.aaw8359
%	
%	Contact:
%	  Laurent Pagnier, laurent.vincent.pagnier@gmail.com
%
%	November 1, 2019
%
%	Licensed under the Creative Commons Attribution 4.0 International license,
%	http://creativecommons.org/licenses/by/4.0/

function mpc = asdf_fin_case

mpc.version = '2';

mpc.baseMVA = 100;

mpc.bus = [
	1	3	113.4	0	0	0	1	1	0	0	1	1.1	0.9;
	2	1	100.8	0	0	0	1	1	-1.4512	0	1	1.1	0.9;
	3	1	124.2	0	0	0	1	1	-0.051401	0	1	1.1	0.9;
	4	1	92.1	0	0	0	1	1	-2.2654	0	1	1.1	0.9;
	5	2	127.3	0	0	0	1	1	0.0086103	0	1	1.1	0.9;
	6	2	146.5	0	0	0	1	1	-8.351	0	1	1.1	0.9;
	7	1	93.4	0	0	0	1	1	-1.8255	0	1	1.1	0.9;
	8	2	140.1	0	0	0	1	1	-8.9042	0	1	1.1	0.9;
	9	1	166.8	0	0	0	1	1	-3.4747	0	1	1.1	0.9;
	10	1	201.7	0	0	0	1	1	-0.82827	0	1	1.1	0.9;
	11	1	241.5	0	0	0	1	1	0.2985	0	1	1.1	0.9;
	12	2	325.9	0	0	0	1	1	-10.6384	0	1	1.1	0.9;
	13	1	64.3	0	0	0	1	1	-3.4534	0	1	1.1	0.9;
	14	2	72	0	0	0	1	1	-0.71125	0	1	1.1	0.9;
	15	1	138.8	0	0	0	1	1	-11.5925	0	1	1.1	0.9;
	16	1	121.7	0	0	0	1	1	-7.5556	0	1	1.1	0.9;
	17	1	202.9	0	0	0	1	1	-0.85522	0	1	1.1	0.9;
	18	2	228.5	0	0	0	1	1	1.3706	0	1	1.1	0.9;
	19	1	207.5	0	0	0	1	1	-0.31196	0	1	1.1	0.9;
	20	1	133.9	0	0	0	1	1	0.662	0	1	1.1	0.9;
	21	1	80.5	0	0	0	1	1	-2.7167	0	1	1.1	0.9;
	22	1	504	0	0	0	1	1	-10.9353	0	1	1.1	0.9;
	23	1	49.7	0	0	0	1	1	-3.508	0	1	1.1	0.9;
	24	1	56.9	0	0	0	1	1	-3.8306	0	1	1.1	0.9;
	25	1	94	0	0	0	1	1	-0.60419	0	1	1.1	0.9;
	26	2	58.9	0	0	0	1	1	-0.74207	0	1	1.1	0.9;
	27	1	63.8	0	0	0	1	1	-0.16238	0	1	1.1	0.9;
	28	1	566.4	0	0	0	1	1	-15.6864	0	1	1.1	0.9;
	29	1	111.3	0	0	0	1	1	-8.6185	0	1	1.1	0.9;
	30	1	117.2	0	0	0	1	1	-7.6128	0	1	1.1	0.9;
	31	1	209	0	0	0	1	1	-0.43648	0	1	1.1	0.9;
	32	1	67.6	0	0	0	1	1	-3.366	0	1	1.1	0.9;
	33	1	153.3	0	0	0	1	1	1.9848	0	1	1.1	0.9;
	34	1	181.1	0	0	0	1	1	-0.57605	0	1	1.1	0.9;
	35	1	145.3	0	0	0	1	1	0.97439	0	1	1.1	0.9;
	36	1	50.9	0	0	0	1	1	-2.8838	0	1	1.1	0.9;
	37	1	60.4	0	0	0	1	1	-3.37	0	1	1.1	0.9;
	38	1	131.1	0	0	0	1	1	-10.0524	0	1	1.1	0.9;
	39	1	101.5	0	0	0	1	1	-8.4069	0	1	1.1	0.9;
	40	1	540	0	0	0	1	1	-12.1351	0	1	1.1	0.9;
	41	2	59.4	0	0	0	1	1	-3.3809	0	1	1.1	0.9;
	42	2	74.8	0	0	0	1	1	-5.4399	0	1	1.1	0.9;
	43	1	86.2	0	0	0	1	1	-0.10647	0	1	1.1	0.9;
	44	1	110.4	0	0	0	1	1	-1.1627	0	1	1.1	0.9;
	45	1	91.1	0	0	0	1	1	0.62054	0	1	1.1	0.9;
	46	1	21.3	0	0	0	1	1	-1.4106	0	1	1.1	0.9;
	47	1	555.2	0	0	0	1	1	-18.7963	0	1	1.1	0.9;
	48	1	188.8	0	0	0	1	1	-20.6946	0	1	1.1	0.9;
	49	1	159.7	0	0	0	1	1	-10.332	0	1	1.1	0.9;
	50	1	104.8	0	0	0	1	1	-6.0641	0	1	1.1	0.9;
	51	1	187.8	0	0	0	1	1	0.16283	0	1	1.1	0.9;
	52	1	69.7	0	0	0	1	1	-3.1454	0	1	1.1	0.9;
	53	1	67.2	0	0	0	1	1	-3.5204	0	1	1.1	0.9;
	54	2	152.2	0	0	0	1	1	2.8368	0	1	1.1	0.9;
	55	1	152.8	0	0	0	1	1	1.809	0	1	1.1	0.9;
	56	1	199.8	0	0	0	1	1	2.142	0	1	1.1	0.9;
	57	1	158.8	0	0	0	1	1	0.66998	0	1	1.1	0.9;
	58	1	58.2	0	0	0	1	1	-3.2321	0	1	1.1	0.9;
	59	1	60.9	0	0	0	1	1	-3.7488	0	1	1.1	0.9;
	60	1	59.7	0	0	0	1	1	-4.1821	0	1	1.1	0.9;
	61	1	258.4	0	0	0	1	1	-8.3564	0	1	1.1	0.9;
	62	1	124.8	0	0	0	1	1	-10.2025	0	1	1.1	0.9;
	63	1	180	0	0	0	1	1	-23.4411	0	1	1.1	0.9;
	64	1	108.4	0	0	0	1	1	-0.014794	0	1	1.1	0.9;
	65	1	124.3	0	0	0	1	1	-1.6672	0	1	1.1	0.9;
	66	1	123.2	0	0	0	1	1	-1.6799	0	1	1.1	0.9;
	67	1	147.9	0	0	0	1	1	4.8647	0	1	1.1	0.9;
	68	1	66.9	0	0	0	1	1	0.56507	0	1	1.1	0.9;
	69	1	94.6	0	0	0	1	1	3.4251	0	1	1.1	0.9;
	70	2	18.4	0	0	0	1	1	-1.4775	0	1	1.1	0.9;
	71	1	569.4	0	0	0	1	1	-20.208	0	1	1.1	0.9;
	72	1	185.1	0	0	0	1	1	-25.4204	0	1	1.1	0.9;
	73	1	174.9	0	0	0	1	1	-16.1576	0	1	1.1	0.9;
	74	1	188.8	0	0	0	1	1	-21.6265	0	1	1.1	0.9;
	75	1	553.1	0	0	0	1	1	-11.3308	0	1	1.1	0.9;
	76	1	98.9	0	0	0	1	1	-4.0716	0	1	1.1	0.9;
	77	1	108.2	0	0	0	1	1	-5.6757	0	1	1.1	0.9;
	78	1	175.8	0	0	0	1	1	-0.61978	0	1	1.1	0.9;
	79	1	62.6	0	0	0	1	1	-3.2518	0	1	1.1	0.9;
	80	1	58.2	0	0	0	1	1	-3.4677	0	1	1.1	0.9;
	81	1	105.7	0	0	0	1	1	3.2603	0	1	1.1	0.9;
	82	1	225.9	0	0	0	1	1	1.99	0	1	1.1	0.9;
	83	2	107.9	0	0	0	1	1	6.8905	0	1	1.1	0.9;
	84	1	210.6	0	0	0	1	1	-0.10779	0	1	1.1	0.9;
	85	1	57.7	0	0	0	1	1	-3.9977	0	1	1.1	0.9;
	86	1	59.1	0	0	0	1	1	-4.7712	0	1	1.1	0.9;
	87	1	182	0	0	0	1	1	-24.3163	0	1	1.1	0.9;
	88	1	184	0	0	0	1	1	-0.48806	0	1	1.1	0.9;
	89	1	119	0	0	0	1	1	0.29857	0	1	1.1	0.9;
	90	1	120.6	0	0	0	1	1	0.17404	0	1	1.1	0.9;
	91	1	136.9	0	0	0	1	1	0.17645	0	1	1.1	0.9;
	92	1	41.4	0	0	0	1	1	-4.566	0	1	1.1	0.9;
	93	1	41.1	0	0	0	1	1	-3.5794	0	1	1.1	0.9;
	94	1	154.8	0	0	0	1	1	5.9193	0	1	1.1	0.9;
	95	1	152.3	0	0	0	1	1	4.9413	0	1	1.1	0.9;
	96	1	49.3	0	0	0	1	1	6.8641	0	1	1.1	0.9;
	97	2	31.5	0	0	0	1	1	6.6946	0	1	1.1	0.9;
	98	1	17.5	0	0	0	1	1	-1.5181	0	1	1.1	0.9;
	99	1	535.1	0	0	0	1	1	-22.7195	0	1	1.1	0.9;
	100	2	191.5	0	0	0	1	1	-25.9489	0	1	1.1	0.9;
	101	1	183.3	0	0	0	1	1	-25.0041	0	1	1.1	0.9;
	102	2	170.5	0	0	0	1	1	-14.3377	0	1	1.1	0.9;
	103	1	184.4	0	0	0	1	1	-22.3313	0	1	1.1	0.9;
	104	1	116.4	0	0	0	1	1	-2.2173	0	1	1.1	0.9;
	105	2	116	0	0	0	1	1	-4.6998	0	1	1.1	0.9;
	106	1	121.7	0	0	0	1	1	-5.8243	0	1	1.1	0.9;
	107	1	159	0	0	0	1	1	-0.63964	0	1	1.1	0.9;
	108	1	89.4	0	0	0	1	1	5.803	0	1	1.1	0.9;
	109	1	86.8	0	0	0	1	1	3.1908	0	1	1.1	0.9;
	110	1	218.4	0	0	0	1	1	1.5586	0	1	1.1	0.9;
	111	2	75.3	0	0	0	1	1	15.0291	0	1	1.1	0.9;
	112	1	136.6	0	0	0	1	1	6.7617	0	1	1.1	0.9;
	113	1	97.9	0	0	0	1	1	6.5906	0	1	1.1	0.9;
	114	1	81.5	0	0	0	1	1	8.5851	0	1	1.1	0.9;
	115	1	64.2	0	0	0	1	1	-5.0576	0	1	1.1	0.9;
	116	2	185.4	0	0	0	1	1	-23.7051	0	1	1.1	0.9;
	117	1	156.2	0	0	0	1	1	-0.74415	0	1	1.1	0.9;
	118	1	181.4	0	0	0	1	1	0.80598	0	1	1.1	0.9;
	119	2	39.7	0	0	0	1	1	10.6753	0	1	1.1	0.9;
	120	1	196.9	0	0	0	1	1	1.1917	0	1	1.1	0.9;
	121	1	52.1	0	0	0	1	1	-4.2189	0	1	1.1	0.9;
	122	1	37.7	0	0	0	1	1	-4.6156	0	1	1.1	0.9;
	123	1	42.9	0	0	0	1	1	-4.7202	0	1	1.1	0.9;
	124	1	37.6	0	0	0	1	1	-4.6478	0	1	1.1	0.9;
	125	1	33.6	0	0	0	1	1	-4.542	0	1	1.1	0.9;
	126	1	111.8	0	0	0	1	1	8.5982	0	1	1.1	0.9;
	127	1	50.8	0	0	0	1	1	9.0955	0	1	1.1	0.9;
	128	1	48.9	0	0	0	1	1	7.335	0	1	1.1	0.9;
	129	1	46.1	0	0	0	1	1	6.7344	0	1	1.1	0.9;
	130	1	27.1	0	0	0	1	1	8.0425	0	1	1.1	0.9;
	131	1	522.6	0	0	0	1	1	-22.9096	0	1	1.1	0.9;
	132	1	533.2	0	0	0	1	1	-23.1746	0	1	1.1	0.9;
	133	1	190.6	0	0	0	1	1	-28.8763	0	1	1.1	0.9;
	134	1	190.2	0	0	0	1	1	-25.3704	0	1	1.1	0.9;
	135	1	185.6	0	0	0	1	1	-25.7296	0	1	1.1	0.9;
	136	1	186.2	0	0	0	1	1	-24.5443	0	1	1.1	0.9;
	137	1	511.5	0	0	0	1	1	-23.067	0	1	1.1	0.9;
	138	1	179	0	0	0	1	1	-24.1393	0	1	1.1	0.9;
	139	2	43.1	0	0	0	1	1	3.0838	0	1	1.1	0.9;
	140	1	125.5	0	0	0	1	1	-5.185	0	1	1.1	0.9;
	141	2	210.8	0	0	0	1	1	2.8537	0	1	1.1	0.9;
	142	1	83.1	0	0	0	1	1	-2.1924	0	1	1.1	0.9;
	143	1	53	0	0	0	1	1	1.6447	0	1	1.1	0.9;
	144	1	208.1	0	0	0	1	1	1.3928	0	1	1.1	0.9;
	145	1	72.8	0	0	0	1	1	0.56986	0	1	1.1	0.9;
	146	1	68.6	0	0	0	1	1	14.5202	0	1	1.1	0.9;
	147	1	201.6	0	0	0	1	1	6.7353	0	1	1.1	0.9;
	148	1	45.5	0	0	0	1	1	6.5727	0	1	1.1	0.9;
	149	1	15.4	0	0	0	1	1	8.9465	0	1	1.1	0.9;
	150	1	24.4	0	0	0	1	1	10.9236	0	1	1.1	0.9;
	151	1	179.3	0	0	0	1	1	1.2112	0	1	1.1	0.9;
	152	1	143.3	0	0	0	1	1	0.80423	0	1	1.1	0.9;
	153	1	26.6	0	0	0	1	1	10.486	0	1	1.1	0.9;
	154	1	42	0	0	0	1	1	6.9528	0	1	1.1	0.9;
	155	1	65.6	0	0	0	1	1	1.0458	0	1	1.1	0.9;
	156	1	45.8	0	0	0	1	1	-4.7806	0	1	1.1	0.9;
	157	1	14.7	0	0	0	1	1	16.3708	0	1	1.1	0.9;
	158	1	37.3	0	0	0	1	1	8.1727	0	1	1.1	0.9;
	159	1	50.5	0	0	0	1	1	8.7383	0	1	1.1	0.9;
	160	1	50.5	0	0	0	1	1	10.0721	0	1	1.1	0.9;
